1 55
16 16
36
15 45 215 245 0 0 0 0
51 81 215 245 0 0 0 0
87 117 215 245 0 0 0 0
123 153 215 245 0 0 0 0
159 189 215 245 0 0 0 0
195 225 215 245 0 0 0 0
231 261 215 245 0 0 0 0
267 297 215 245 0 0 0 0
303 333 215 245 0 1 0 0
339 369 215 245 0 0 0 0
375 405 215 245 0 0 0 0
411 441 215 245 0 0 0 0
447 477 215 245 0 1 0 0
483 513 215 245 0 0 0 0
519 549 215 245 0 0 0 0
555 585 215 245 0 0 0 0
15 45 251 281 0 0 0 0
51 81 251 281 0 1 0 0
87 117 251 281 0 1 0 0
123 153 251 281 0 1 0 0
159 189 251 281 0 0 0 0
195 225 251 281 0 0 0 0
231 261 251 281 0 0 0 0
267 297 251 281 0 0 0 0
303 333 251 281 0 0 0 0
339 369 251 281 0 1 0 0
375 405 251 281 0 0 0 0
411 441 251 281 0 0 0 0
447 477 251 281 0 0 0 0
483 513 251 281 0 0 0 0
519 549 251 281 0 1 0 0
555 585 251 281 0 0 0 0
15 45 287 317 0 1 0 0
51 81 287 317 0 1 0 0
87 117 287 317 0 1 0 0
123 153 287 317 0 0 0 0
159 189 287 317 0 0 0 0
195 225 287 317 0 0 0 0
231 261 287 317 0 1 0 0
267 297 287 317 0 0 0 0
303 333 287 317 0 0 0 0
339 369 287 317 0 0 0 0
375 405 287 317 0 0 0 0
411 441 287 317 0 0 0 0
447 477 287 317 0 0 0 0
483 513 287 317 0 1 0 0
519 549 287 317 0 0 0 0
555 585 287 317 0 0 0 0
15 45 323 353 0 0 0 0
51 81 323 353 0 0 0 0
87 117 323 353 0 0 0 0
123 153 323 353 0 0 0 0
159 189 323 353 0 0 0 0
195 225 323 353 0 0 0 0
231 261 323 353 0 0 0 0
267 297 323 353 0 1 0 0
303 333 323 353 0 0 0 0
339 369 323 353 0 1 0 0
375 405 323 353 0 1 0 0
411 441 323 353 0 0 0 0
447 477 323 353 0 0 0 0
483 513 323 353 0 0 0 0
519 549 323 353 0 1 0 0
555 585 323 353 0 1 0 0
15 45 359 389 0 0 0 0
51 81 359 389 0 0 0 0
87 117 359 389 0 0 0 0
123 153 359 389 0 0 0 0
159 189 359 389 0 0 0 0
195 225 359 389 0 0 0 0
231 261 359 389 0 0 0 0
267 297 359 389 1 0 2 0
303 333 359 389 1 0 2 0
339 369 359 389 1 0 2 0
375 405 359 389 0 0 0 0
411 441 359 389 0 0 0 0
447 477 359 389 0 0 0 0
483 513 359 389 0 0 0 0
519 549 359 389 0 0 0 0
555 585 359 389 0 1 0 0
15 45 395 425 0 0 0 0
51 81 395 425 0 0 0 0
87 117 395 425 0 0 0 0
123 153 395 425 0 0 0 0
159 189 395 425 0 0 0 0
195 225 395 425 0 0 0 0
231 261 395 425 0 1 0 0
267 297 395 425 1 0 1 0
303 333 395 425 1 0 0 0
339 369 395 425 1 0 1 0
375 405 395 425 0 0 0 0
411 441 395 425 0 0 0 0
447 477 395 425 0 0 0 0
483 513 395 425 0 0 0 0
519 549 395 425 0 1 0 0
555 585 395 425 0 0 0 0
15 45 431 461 0 1 0 0
51 81 431 461 0 0 0 0
87 117 431 461 0 0 0 0
123 153 431 461 0 0 0 0
159 189 431 461 0 1 0 0
195 225 431 461 1 0 2 0
231 261 431 461 1 0 1 0
267 297 431 461 1 0 1 0
303 333 431 461 1 0 0 0
339 369 431 461 1 0 1 0
375 405 431 461 0 1 0 0
411 441 431 461 0 0 0 0
447 477 431 461 0 0 0 0
483 513 431 461 0 0 0 0
519 549 431 461 0 0 0 0
555 585 431 461 0 0 0 0
15 45 467 497 0 0 0 0
51 81 467 497 0 0 0 0
87 117 467 497 1 0 1 0
123 153 467 497 1 0 1 0
159 189 467 497 1 0 1 0
195 225 467 497 1 0 1 0
231 261 467 497 1 0 0 0
267 297 467 497 1 0 0 0
303 333 467 497 1 0 0 0
339 369 467 497 1 0 1 0
375 405 467 497 0 0 0 0
411 441 467 497 0 0 0 0
447 477 467 497 0 0 0 0
483 513 467 497 0 0 0 0
519 549 467 497 0 0 0 0
555 585 467 497 0 0 0 0
15 45 503 533 0 0 0 0
51 81 503 533 0 1 0 0
87 117 503 533 1 0 1 0
123 153 503 533 1 0 0 0
159 189 503 533 1 0 0 0
195 225 503 533 1 0 0 0
231 261 503 533 1 0 0 0
267 297 503 533 1 0 0 0
303 333 503 533 1 0 1 0
339 369 503 533 1 0 1 0
375 405 503 533 0 0 0 0
411 441 503 533 0 0 0 0
447 477 503 533 0 0 0 0
483 513 503 533 0 0 0 0
519 549 503 533 0 0 0 0
555 585 503 533 0 0 0 0
15 45 539 569 1 0 1 0
51 81 539 569 1 0 1 0
87 117 539 569 1 0 1 0
123 153 539 569 1 0 0 0
159 189 539 569 1 0 1 0
195 225 539 569 1 0 1 0
231 261 539 569 1 0 1 0
267 297 539 569 1 0 1 0
303 333 539 569 1 0 2 0
339 369 539 569 0 1 0 1
375 405 539 569 0 0 0 0
411 441 539 569 0 0 0 0
447 477 539 569 0 1 0 0
483 513 539 569 0 0 0 0
519 549 539 569 0 0 0 0
555 585 539 569 0 0 0 0
15 45 575 605 1 0 0 0
51 81 575 605 1 0 0 0
87 117 575 605 1 0 0 0
123 153 575 605 1 0 0 0
159 189 575 605 1 0 1 0
195 225 575 605 0 1 0 1
231 261 575 605 0 0 0 0
267 297 575 605 0 0 0 0
303 333 575 605 0 1 0 0
339 369 575 605 0 0 0 0
375 405 575 605 0 0 0 0
411 441 575 605 0 0 0 0
447 477 575 605 0 0 0 0
483 513 575 605 0 0 0 0
519 549 575 605 0 0 0 0
555 585 575 605 0 0 0 0
15 45 611 641 1 0 0 0
51 81 611 641 1 0 0 0
87 117 611 641 1 0 0 0
123 153 611 641 1 0 0 0
159 189 611 641 1 0 2 0
195 225 611 641 0 0 0 0
231 261 611 641 0 0 0 0
267 297 611 641 0 0 0 0
303 333 611 641 0 1 0 0
339 369 611 641 0 0 0 0
375 405 611 641 0 0 0 0
411 441 611 641 0 0 0 0
447 477 611 641 0 0 0 0
483 513 611 641 0 0 0 0
519 549 611 641 0 0 0 0
555 585 611 641 0 0 0 0
15 45 647 677 1 0 0 0
51 81 647 677 1 0 0 0
87 117 647 677 1 0 0 0
123 153 647 677 1 0 0 0
159 189 647 677 1 0 2 0
195 225 647 677 0 1 0 0
231 261 647 677 0 0 0 0
267 297 647 677 0 0 0 0
303 333 647 677 0 0 0 0
339 369 647 677 0 0 0 0
375 405 647 677 0 1 0 0
411 441 647 677 0 0 0 0
447 477 647 677 0 0 0 0
483 513 647 677 0 1 0 0
519 549 647 677 0 0 0 0
555 585 647 677 0 0 0 0
15 45 683 713 1 0 0 0
51 81 683 713 1 0 0 0
87 117 683 713 1 0 0 0
123 153 683 713 1 0 0 0
159 189 683 713 1 0 2 0
195 225 683 713 0 1 0 1
231 261 683 713 0 1 0 0
267 297 683 713 0 0 0 0
303 333 683 713 0 0 0 0
339 369 683 713 0 0 0 0
375 405 683 713 1 0 1 0
411 441 683 713 0 0 0 0
447 477 683 713 0 0 0 0
483 513 683 713 0 0 0 0
519 549 683 713 0 0 0 0
555 585 683 713 0 0 0 0
15 45 719 749 1 0 0 0
51 81 719 749 1 0 0 0
87 117 719 749 1 0 0 0
123 153 719 749 1 0 0 0
159 189 719 749 1 0 1 0
195 225 719 749 1 0 3 0
231 261 719 749 0 0 0 0
267 297 719 749 0 0 0 0
303 333 719 749 1 0 1 0
339 369 719 749 0 0 0 0
375 405 719 749 0 0 0 0
411 441 719 749 0 0 0 0
447 477 719 749 0 0 0 0
483 513 719 749 0 0 0 0
519 549 719 749 0 0 0 0
555 585 719 749 0 0 0 0
15 45 755 785 1 0 0 0
51 81 755 785 1 0 0 0
87 117 755 785 1 0 0 0
123 153 755 785 1 0 0 0
159 189 755 785 1 0 0 0
195 225 755 785 1 0 1 0
231 261 755 785 0 1 0 0
267 297 755 785 1 0 2 0
303 333 755 785 0 1 0 0
339 369 755 785 0 0 0 0
375 405 755 785 0 0 0 0
411 441 755 785 0 0 0 0
447 477 755 785 0 0 0 0
483 513 755 785 0 0 0 0
519 549 755 785 0 0 0 0
555 585 755 785 0 0 0 0
